0.000000,0.000000,0.033101
1.000000,0.000010,0.032634
2.000000,0.000020,0.033150
3.000000,0.000030,0.032680
4.000000,0.000040,0.033197
5.000000,0.000050,0.032537
6.000000,0.000060,0.033105
7.000000,0.000070,0.032539
8.000000,0.000080,0.032958
9.000000,0.000090,0.032631
10.000000,0.000100,0.033009
11.000000,0.000110,0.032633
12.000000,0.000120,0.032774
13.000000,0.000130,0.032726
14.000000,0.000140,0.032819
15.000000,0.000150,0.032727
16.000000,0.000160,0.032678
17.000000,0.000170,0.032775
18.000000,0.000180,0.032867
19.000000,0.000190,0.032587
20.000000,0.000200,0.032543
21.000000,0.000210,0.032775
22.000000,0.000220,0.032728
23.000000,0.000230,0.032870
24.000000,0.000240,0.032587
25.000000,0.000250,0.032869
26.000000,0.000260,0.032634
27.000000,0.000270,0.032774
28.000000,0.000280,0.032537
29.000000,0.000290,0.032865
30.000000,0.000300,0.032586
31.000000,0.000310,0.033056
32.000000,0.000320,0.032636
33.000000,0.000330,0.032960
34.000000,0.000340,0.032634
35.000000,0.000350,0.033101
36.000000,0.000360,0.032446
37.000000,0.000370,0.032495
38.000000,0.000380,0.032916
39.000000,0.000390,0.033098
40.000000,0.000400,0.033005
41.000000,0.000410,0.032634
42.000000,0.000420,0.032398
43.000000,0.000430,0.032444
44.000000,0.000440,0.032774
45.000000,0.000450,0.032915
46.000000,0.000460,0.032961
47.000000,0.000470,0.032867
48.000000,0.000480,0.032585
49.000000,0.000490,0.032448
50.000000,0.000500,0.032402
51.000000,0.000510,0.032632
52.000000,0.000520,0.032865
53.000000,0.000530,0.032819
54.000000,0.000540,0.032961
55.000000,0.000550,0.032823
56.000000,0.000560,0.032636
57.000000,0.000570,0.032492
58.000000,0.000580,0.032399
59.000000,0.000590,0.032682
60.000000,0.000600,0.032915
61.000000,0.000610,0.032962
62.000000,0.000620,0.033008
63.000000,0.000630,0.032774
64.000000,0.000640,0.032539
65.000000,0.000650,0.032495
66.000000,0.000660,0.032542
67.000000,0.000670,0.032821
68.000000,0.000680,0.032959
69.000000,0.000690,0.033007
70.000000,0.000700,0.032867
71.000000,0.000710,0.032587
72.000000,0.000720,0.032399
73.000000,0.000730,0.032776
74.000000,0.000740,0.032959
75.000000,0.000750,0.033011
76.000000,0.000760,0.033056
77.000000,0.000770,0.032961
78.000000,0.000780,0.032683
79.000000,0.000790,0.032448
80.000000,0.000800,0.032493
81.000000,0.000810,0.032867
82.000000,0.000820,0.033006
83.000000,0.000830,0.033055
84.000000,0.000840,0.032958
85.000000,0.000850,0.032775
86.000000,0.000860,0.032538
87.000000,0.000870,0.032539
88.000000,0.000880,0.032682
89.000000,0.000890,0.032868
90.000000,0.000900,0.033152
91.000000,0.000910,0.033054
92.000000,0.000920,0.032915
93.000000,0.000930,0.032540
94.000000,0.000940,0.032493
95.000000,0.000950,0.032728
96.000000,0.000960,0.032867
97.000000,0.000970,0.033102
98.000000,0.000980,0.033147
99.000000,0.000990,0.032915
100.000000,0.001000,0.032681
101.000000,0.001010,0.032491
102.000000,0.001020,0.032400
103.000000,0.001030,0.032633
104.000000,0.001040,0.032865
105.000000,0.001050,0.032961
106.000000,0.001060,0.033152
107.000000,0.001070,0.033100
108.000000,0.001080,0.032819
109.000000,0.001090,0.032536
110.000000,0.001100,0.032258
111.000000,0.001110,0.032634
112.000000,0.001120,0.032867
113.000000,0.001130,0.032961
114.000000,0.001140,0.033054
115.000000,0.001150,0.033007
116.000000,0.001160,0.032865
117.000000,0.001170,0.032540
118.000000,0.001180,0.032354
119.000000,0.001190,0.032492
120.000000,0.001200,0.032772
121.000000,0.001210,0.032916
122.000000,0.001220,0.033009
123.000000,0.001230,0.033056
124.000000,0.001240,0.032866
125.000000,0.001250,0.032400
126.000000,0.001260,0.032401
127.000000,0.001270,0.032540
128.000000,0.001280,0.032820
129.000000,0.001290,0.032959
130.000000,0.001300,0.032820
131.000000,0.001310,0.032961
132.000000,0.001320,0.032776
133.000000,0.001330,0.032492
134.000000,0.001340,0.032350
135.000000,0.001350,0.032447
136.000000,0.001360,0.032729
137.000000,0.001370,0.032916
138.000000,0.001380,0.032916
139.000000,0.001390,0.032962
140.000000,0.001400,0.032868
141.000000,0.001410,0.032542
142.000000,0.001420,0.032401
143.000000,0.001430,0.032540
144.000000,0.001440,0.032727
145.000000,0.001450,0.033056
146.000000,0.001460,0.033102
147.000000,0.001470,0.032868
148.000000,0.001480,0.032727
149.000000,0.001490,0.032539
150.000000,0.001500,0.032537
151.000000,0.001510,0.032822
152.000000,0.001520,0.032918
153.000000,0.001530,0.033148
154.000000,0.001540,0.033054
155.000000,0.001550,0.032677
156.000000,0.001560,0.032495
157.000000,0.001570,0.032494
158.000000,0.001580,0.032587
159.000000,0.001590,0.032776
160.000000,0.001600,0.032958
161.000000,0.001610,0.033102
162.000000,0.001620,0.033102
163.000000,0.001630,0.032774
164.000000,0.001640,0.032588
165.000000,0.001650,0.032492
166.000000,0.001660,0.032634
167.000000,0.001670,0.032869
168.000000,0.001680,0.032962
169.000000,0.001690,0.033010
170.000000,0.001700,0.033054
171.000000,0.001710,0.032678
172.000000,0.001720,0.032448
173.000000,0.001730,0.032397
174.000000,0.001740,0.032728
175.000000,0.001750,0.033009
176.000000,0.001760,0.033009
177.000000,0.001770,0.033149
178.000000,0.001780,0.032822
179.000000,0.001790,0.032584
180.000000,0.001800,0.032542
181.000000,0.001810,0.032540
182.000000,0.001820,0.033009
183.000000,0.001830,0.033105
184.000000,0.001840,0.033148
185.000000,0.001850,0.032632
186.000000,0.001860,0.032538
187.000000,0.001870,0.032636
188.000000,0.001880,0.032542
189.000000,0.001890,0.032725
190.000000,0.001900,0.032960
191.000000,0.001910,0.033194
192.000000,0.001920,0.033100
193.000000,0.001930,0.032632
194.000000,0.001940,0.032398
195.000000,0.001950,0.032448
196.000000,0.001960,0.032678
197.000000,0.001970,0.032914
198.000000,0.001980,0.032912
199.000000,0.001990,0.033197
200.000000,0.002000,0.032960
201.000000,0.002010,0.032678
202.000000,0.002020,0.032396
203.000000,0.002030,0.032542
204.000000,0.002040,0.032915
205.000000,0.002050,0.032961
206.000000,0.002060,0.033057
207.000000,0.002070,0.032916
208.000000,0.002080,0.032681
209.000000,0.002090,0.032496
210.000000,0.002100,0.032399
211.000000,0.002110,0.032682
212.000000,0.002120,0.033009
213.000000,0.002130,0.032959
214.000000,0.002140,0.032869
215.000000,0.002150,0.032631
216.000000,0.002160,0.032540
217.000000,0.002170,0.032443
218.000000,0.002180,0.032542
219.000000,0.002190,0.032774
220.000000,0.002200,0.032961
221.000000,0.002210,0.033009
222.000000,0.002220,0.032821
223.000000,0.002230,0.032540
224.000000,0.002240,0.032352
225.000000,0.002250,0.032492
226.000000,0.002260,0.032680
227.000000,0.002270,0.032822
228.000000,0.002280,0.032867
229.000000,0.002290,0.033008
230.000000,0.002300,0.033008
231.000000,0.002310,0.032631
232.000000,0.002320,0.032447
233.000000,0.002330,0.032491
234.000000,0.002340,0.032684
235.000000,0.002350,0.032819
236.000000,0.002360,0.033007
237.000000,0.002370,0.033149
238.000000,0.002380,0.032821
239.000000,0.002390,0.032539
240.000000,0.002400,0.032447
241.000000,0.002410,0.032447
242.000000,0.002420,0.032914
243.000000,0.002430,0.033007
244.000000,0.002440,0.033057
245.000000,0.002450,0.033010
246.000000,0.002460,0.032961
247.000000,0.002470,0.032681
248.000000,0.002480,0.032542
249.000000,0.002490,0.032541
250.000000,0.002500,0.032725
251.000000,0.002510,0.033101
252.000000,0.002520,0.033197
253.000000,0.002530,0.032915
254.000000,0.002540,0.032680
255.000000,0.002550,0.032401
256.000000,0.002560,0.032446
257.000000,0.002570,0.032729
258.000000,0.002580,0.032960
259.000000,0.002590,0.033149
260.000000,0.002600,0.033055
261.000000,0.002610,0.032866
262.000000,0.002620,0.032677
263.000000,0.002630,0.032540
264.000000,0.002640,0.032586
265.000000,0.002650,0.032821
266.000000,0.002660,0.033010
267.000000,0.002670,0.033290
268.000000,0.002680,0.032959
269.000000,0.002690,0.032586
270.000000,0.002700,0.032399
271.000000,0.002710,0.032587
272.000000,0.002720,0.032870
273.000000,0.002730,0.033102
274.000000,0.002740,0.033058
275.000000,0.002750,0.033149
276.000000,0.002760,0.032728
277.000000,0.002770,0.032589
278.000000,0.002780,0.032444
279.000000,0.002790,0.032542
280.000000,0.002800,0.032824
281.000000,0.002810,0.032961
282.000000,0.002820,0.033102
283.000000,0.002830,0.032962
284.000000,0.002840,0.032823
285.000000,0.002850,0.032588
286.000000,0.002860,0.032353
287.000000,0.002870,0.032539
288.000000,0.002880,0.032866
289.000000,0.002890,0.033006
290.000000,0.002900,0.033008
291.000000,0.002910,0.032868
292.000000,0.002920,0.032541
293.000000,0.002930,0.032494
294.000000,0.002940,0.032400
295.000000,0.002950,0.032634
296.000000,0.002960,0.032867
297.000000,0.002970,0.033010
298.000000,0.002980,0.032915
299.000000,0.002990,0.032631
300.000000,0.003000,0.032444
301.000000,0.003010,0.032399
302.000000,0.003020,0.032633
303.000000,0.003030,0.032777
304.000000,0.003040,0.032868
305.000000,0.003050,0.033011
306.000000,0.003060,0.032870
307.000000,0.003070,0.032631
308.000000,0.003080,0.032399
309.000000,0.003090,0.032586
310.000000,0.003100,0.032771
311.000000,0.003110,0.032911
312.000000,0.003120,0.033008
313.000000,0.003130,0.032539
314.000000,0.003140,0.032540
315.000000,0.003150,0.032399
316.000000,0.003160,0.032632
317.000000,0.003170,0.033009
318.000000,0.003180,0.032960
319.000000,0.003190,0.033051
320.000000,0.003200,0.032774
321.000000,0.003210,0.032585
322.000000,0.003220,0.032543
323.000000,0.003230,0.032494
324.000000,0.003240,0.032723
325.000000,0.003250,0.032870
326.000000,0.003260,0.033008
327.000000,0.003270,0.033145
328.000000,0.003280,0.032821
329.000000,0.003290,0.032494
330.000000,0.003300,0.032446
331.000000,0.003310,0.032632
332.000000,0.003320,0.032911
333.000000,0.003330,0.032960
334.000000,0.003340,0.033150
335.000000,0.003350,0.032912
336.000000,0.003360,0.032680
337.000000,0.003370,0.032447
338.000000,0.003380,0.032400
339.000000,0.003390,0.032820
340.000000,0.003400,0.033008
341.000000,0.003410,0.033151
342.000000,0.003420,0.033010
343.000000,0.003430,0.032775
344.000000,0.003440,0.032586
345.000000,0.003450,0.032491
346.000000,0.003460,0.032774
347.000000,0.003470,0.033008
348.000000,0.003480,0.033196
349.000000,0.003490,0.033105
350.000000,0.003500,0.032776
351.000000,0.003510,0.032585
352.000000,0.003520,0.032400
353.000000,0.003530,0.032587
354.000000,0.003540,0.032773
355.000000,0.003550,0.033055
356.000000,0.003560,0.033197
357.000000,0.003570,0.033197
358.000000,0.003580,0.032772
359.000000,0.003590,0.032444
360.000000,0.003600,0.032401
361.000000,0.003610,0.032583
362.000000,0.003620,0.032820
363.000000,0.003630,0.032960
364.000000,0.003640,0.033054
365.000000,0.003650,0.033007
366.000000,0.003660,0.032633
367.000000,0.003670,0.032399
368.000000,0.003680,0.032540
369.000000,0.003690,0.032771
370.000000,0.003700,0.033010
371.000000,0.003710,0.033054
372.000000,0.003720,0.032962
373.000000,0.003730,0.032727
374.000000,0.003740,0.032491
375.000000,0.003750,0.032352
376.000000,0.003760,0.032585
377.000000,0.003770,0.033006
378.000000,0.003780,0.033055
379.000000,0.003790,0.032911
380.000000,0.003800,0.032537
381.000000,0.003810,0.032447
382.000000,0.003820,0.032492
383.000000,0.003830,0.032586
384.000000,0.003840,0.032820
385.000000,0.003850,0.033006
386.000000,0.003860,0.033009
387.000000,0.003870,0.032725
388.000000,0.003880,0.032353
389.000000,0.003890,0.032401
390.000000,0.003900,0.032681
391.000000,0.003910,0.032915
392.000000,0.003920,0.032960
393.000000,0.003930,0.032821
394.000000,0.003940,0.032681
395.000000,0.003950,0.032491
396.000000,0.003960,0.032450
397.000000,0.003970,0.032539
398.000000,0.003980,0.032775
399.000000,0.003990,0.033008
400.000000,0.004000,0.033009
401.000000,0.004010,0.032870
402.000000,0.004020,0.032870
403.000000,0.004030,0.032539
404.000000,0.004040,0.032351
405.000000,0.004050,0.032444
406.000000,0.004060,0.032818
407.000000,0.004070,0.033056
408.000000,0.004080,0.033102
409.000000,0.004090,0.033010
410.000000,0.004100,0.032775
411.000000,0.004110,0.032727
412.000000,0.004120,0.032495
413.000000,0.004130,0.032681
414.000000,0.004140,0.032774
415.000000,0.004150,0.033007
416.000000,0.004160,0.033194
417.000000,0.004170,0.032960
418.000000,0.004180,0.032681
419.000000,0.004190,0.032540
420.000000,0.004200,0.032537
421.000000,0.004210,0.032727
422.000000,0.004220,0.032868
423.000000,0.004230,0.033148
424.000000,0.004240,0.033101
425.000000,0.004250,0.032915
426.000000,0.004260,0.032633
427.000000,0.004270,0.032447
428.000000,0.004280,0.032588
429.000000,0.004290,0.032823
430.000000,0.004300,0.033007
431.000000,0.004310,0.033055
432.000000,0.004320,0.033054
433.000000,0.004330,0.032635
434.000000,0.004340,0.032446
435.000000,0.004350,0.032585
436.000000,0.004360,0.032820
437.000000,0.004370,0.033058
438.000000,0.004380,0.033053
439.000000,0.004390,0.032963
440.000000,0.004400,0.032729
441.000000,0.004410,0.032587
442.000000,0.004420,0.032490
443.000000,0.004430,0.032633
444.000000,0.004440,0.032960
445.000000,0.004450,0.033152
446.000000,0.004460,0.033057
447.000000,0.004470,0.032771
448.000000,0.004480,0.032444
449.000000,0.004490,0.032494
450.000000,0.004500,0.032728
451.000000,0.004510,0.032914
452.000000,0.004520,0.032962
453.000000,0.004530,0.032915
454.000000,0.004540,0.032868
455.000000,0.004550,0.032447
456.000000,0.004560,0.032353
457.000000,0.004570,0.032634
458.000000,0.004580,0.032820
459.000000,0.004590,0.033005
460.000000,0.004600,0.032960
461.000000,0.004610,0.032819
462.000000,0.004620,0.032632
463.000000,0.004630,0.032396
464.000000,0.004640,0.032401
465.000000,0.004650,0.032630
466.000000,0.004660,0.032870
467.000000,0.004670,0.033055
468.000000,0.004680,0.032868
469.000000,0.004690,0.032587
470.000000,0.004700,0.032446
471.000000,0.004710,0.032446
472.000000,0.004720,0.032584
473.000000,0.004730,0.032775
474.000000,0.004740,0.033007
475.000000,0.004750,0.033055
476.000000,0.004760,0.032770
477.000000,0.004770,0.032447
478.000000,0.004780,0.032352
479.000000,0.004790,0.032542
480.000000,0.004800,0.032727
481.000000,0.004810,0.032915
482.000000,0.004820,0.033008
483.000000,0.004830,0.033054
484.000000,0.004840,0.032680
485.000000,0.004850,0.032398
486.000000,0.004860,0.032443
487.000000,0.004870,0.032490
488.000000,0.004880,0.032961
489.000000,0.004890,0.032867
490.000000,0.004900,0.032961
491.000000,0.004910,0.033101
492.000000,0.004920,0.032820
493.000000,0.004930,0.032537
494.000000,0.004940,0.032444
495.000000,0.004950,0.032587
496.000000,0.004960,0.032870
497.000000,0.004970,0.033055
498.000000,0.004980,0.033054
499.000000,0.004990,0.033053
500.000000,0.005000,0.032729
501.000000,0.005010,0.032447
502.000000,0.005020,0.032489
503.000000,0.005030,0.032775
504.000000,0.005040,0.032960
505.000000,0.005050,0.033197
506.000000,0.005060,0.033151
507.000000,0.005070,0.032910
508.000000,0.005080,0.032538
509.000000,0.005090,0.032492
510.000000,0.005100,0.032681
511.000000,0.005110,0.032774
512.000000,0.005120,0.033147
513.000000,0.005130,0.033196
514.000000,0.005140,0.033102
515.000000,0.005150,0.032773
516.000000,0.005160,0.032444
517.000000,0.005170,0.032586
518.000000,0.005180,0.032820
519.000000,0.005190,0.032960
520.000000,0.005200,0.033149
521.000000,0.005210,0.033007
522.000000,0.005220,0.032960
523.000000,0.005230,0.032541
524.000000,0.005240,0.032402
525.000000,0.005250,0.032491
526.000000,0.005260,0.032868
527.000000,0.005270,0.033009
528.000000,0.005280,0.033055
529.000000,0.005290,0.032962
530.000000,0.005300,0.032727
531.000000,0.005310,0.032635
532.000000,0.005320,0.032446
533.000000,0.005330,0.032682
534.000000,0.005340,0.032868
535.000000,0.005350,0.032915
536.000000,0.005360,0.033006
537.000000,0.005370,0.032915
538.000000,0.005380,0.032774
539.000000,0.005390,0.032540
540.000000,0.005400,0.032775
541.000000,0.005410,0.032728
542.000000,0.005420,0.032726
543.000000,0.005430,0.033008
544.000000,0.005440,0.033101
545.000000,0.005450,0.032493
546.000000,0.005460,0.032870
547.000000,0.005470,0.032918
548.000000,0.005480,0.032448
549.000000,0.005490,0.032399
550.000000,0.005500,0.032771
551.000000,0.005510,0.032491
552.000000,0.005520,0.032213
553.000000,0.005530,0.032539
554.000000,0.005540,0.032724
555.000000,0.005550,0.032304
556.000000,0.005560,0.032492
557.000000,0.005570,0.032213
558.000000,0.005580,0.032353
559.000000,0.005590,0.032305
560.000000,0.005600,0.032352
561.000000,0.005610,0.032352
562.000000,0.005620,0.032213
563.000000,0.005630,0.032352
564.000000,0.005640,0.032305
565.000000,0.005650,0.032397
566.000000,0.005660,0.032210
567.000000,0.005670,0.032539
568.000000,0.005680,0.032307
569.000000,0.005690,0.032493
570.000000,0.005700,0.032163
571.000000,0.005710,0.032589
572.000000,0.005720,0.032308
573.000000,0.005730,0.032635
574.000000,0.005740,0.032213
575.000000,0.005750,0.032586
576.000000,0.005760,0.032116
577.000000,0.005770,0.032540
578.000000,0.005780,0.032352
579.000000,0.005790,0.032538
580.000000,0.005800,0.032402
581.000000,0.005810,0.032678
582.000000,0.005820,0.032354
583.000000,0.005830,0.032824
584.000000,0.005840,0.032163
585.000000,0.005850,0.032918
586.000000,0.005860,0.032352
587.000000,0.005870,0.032868
588.000000,0.005880,0.032446
589.000000,0.005890,0.032914
590.000000,0.005900,0.032401
591.000000,0.005910,0.032773
592.000000,0.005920,0.032400
593.000000,0.005930,0.032869
594.000000,0.005940,0.032446
595.000000,0.005950,0.032820
596.000000,0.005960,0.032351
597.000000,0.005970,0.032911
598.000000,0.005980,0.032353
599.000000,0.005990,0.032723
600.000000,0.006000,0.032306
601.000000,0.006010,0.032681
602.000000,0.006020,0.032443
603.000000,0.006030,0.032588
604.000000,0.006040,0.032213
605.000000,0.006050,0.032492
606.000000,0.006060,0.032397
607.000000,0.006070,0.032354
608.000000,0.006080,0.032401
609.000000,0.006090,0.032308
610.000000,0.006100,0.032491
611.000000,0.006110,0.032304
612.000000,0.006120,0.032539
613.000000,0.006130,0.032215
614.000000,0.006140,0.032726
615.000000,0.006150,0.032354
616.000000,0.006160,0.032680
617.000000,0.006170,0.032209
618.000000,0.006180,0.032634
619.000000,0.006190,0.032306
620.000000,0.006200,0.032776
621.000000,0.006210,0.032215
622.000000,0.006220,0.032822
623.000000,0.006230,0.032303
624.000000,0.006240,0.032820
625.000000,0.006250,0.032168
626.000000,0.006260,0.032682
627.000000,0.006270,0.032213
628.000000,0.006280,0.032820
629.000000,0.006290,0.032163
630.000000,0.006300,0.032727
631.000000,0.006310,0.032210
632.000000,0.006320,0.032726
633.000000,0.006330,0.032259
634.000000,0.006340,0.032588
635.000000,0.006350,0.032309
636.000000,0.006360,0.032680
637.000000,0.006370,0.032214
638.000000,0.006380,0.032540
639.000000,0.006390,0.032165
640.000000,0.006400,0.032636
641.000000,0.006410,0.032303
642.000000,0.006420,0.032446
643.000000,0.006430,0.032352
644.000000,0.006440,0.032399
645.000000,0.006450,0.032305
646.000000,0.006460,0.032212
647.000000,0.006470,0.032256
648.000000,0.006480,0.032403
649.000000,0.006490,0.032305
650.000000,0.006500,0.032258
651.000000,0.006510,0.032399
652.000000,0.006520,0.032304
653.000000,0.006530,0.032635
654.000000,0.006540,0.032214
655.000000,0.006550,0.032542
656.000000,0.006560,0.032402
657.000000,0.006570,0.032773
658.000000,0.006580,0.032349
659.000000,0.006590,0.032633
660.000000,0.006600,0.032169
661.000000,0.006610,0.032821
662.000000,0.006620,0.032355
663.000000,0.006630,0.032678
664.000000,0.006640,0.032354
665.000000,0.006650,0.032866
666.000000,0.006660,0.032353
667.000000,0.006670,0.032682
668.000000,0.006680,0.032259
669.000000,0.006690,0.033010
670.000000,0.006700,0.032354
671.000000,0.006710,0.032820
672.000000,0.006720,0.032303
673.000000,0.006730,0.032915
674.000000,0.006740,0.032306
675.000000,0.006750,0.032730
676.000000,0.006760,0.032305
677.000000,0.006770,0.032634
678.000000,0.006780,0.032443
679.000000,0.006790,0.032774
680.000000,0.006800,0.032260
681.000000,0.006810,0.032634
682.000000,0.006820,0.032447
683.000000,0.006830,0.032538
684.000000,0.006840,0.032356
685.000000,0.006850,0.032443
686.000000,0.006860,0.032494
687.000000,0.006870,0.032351
688.000000,0.006880,0.032398
689.000000,0.006890,0.032353
690.000000,0.006900,0.032446
691.000000,0.006910,0.032399
692.000000,0.006920,0.032352
693.000000,0.006930,0.032307
694.000000,0.006940,0.032539
695.000000,0.006950,0.032304
696.000000,0.006960,0.032634
697.000000,0.006970,0.032306
698.000000,0.006980,0.032677
699.000000,0.006990,0.032352
700.000000,0.007000,0.032726
701.000000,0.007010,0.032073
702.000000,0.007020,0.032635
703.000000,0.007030,0.032306
704.000000,0.007040,0.032682
705.000000,0.007050,0.032306
706.000000,0.007060,0.032775
707.000000,0.007070,0.032262
708.000000,0.007080,0.032912
709.000000,0.007090,0.032120
710.000000,0.007100,0.032774
711.000000,0.007110,0.032210
712.000000,0.007120,0.032772
713.000000,0.007130,0.032260
714.000000,0.007140,0.032632
715.000000,0.007150,0.032258
716.000000,0.007160,0.032774
717.000000,0.007170,0.032309
718.000000,0.007180,0.032681
719.000000,0.007190,0.032210
720.000000,0.007200,0.032772
721.000000,0.007210,0.032257
722.000000,0.007220,0.032681
723.000000,0.007230,0.032212
724.000000,0.007240,0.032774
725.000000,0.007250,0.032305
726.000000,0.007260,0.032680
727.000000,0.007270,0.032214
728.000000,0.007280,0.032587
729.000000,0.007290,0.032214
730.000000,0.007300,0.032590
731.000000,0.007310,0.032118
732.000000,0.007320,0.032541
733.000000,0.007330,0.032351
734.000000,0.007340,0.032400
735.000000,0.007350,0.032355
736.000000,0.007360,0.032257
737.000000,0.007370,0.032491
738.000000,0.007380,0.032306
739.000000,0.007390,0.032637
740.000000,0.007400,0.032258
741.000000,0.007410,0.032819
742.000000,0.007420,0.032168
743.000000,0.007430,0.032634
744.000000,0.007440,0.032306
745.000000,0.007450,0.032774
746.000000,0.007460,0.032351
747.000000,0.007470,0.032681
748.000000,0.007480,0.032309
749.000000,0.007490,0.032682
750.000000,0.007500,0.032309
751.000000,0.007510,0.032538
752.000000,0.007520,0.032260
753.000000,0.007530,0.032586
754.000000,0.007540,0.032399
755.000000,0.007550,0.032634
756.000000,0.007560,0.032355
757.000000,0.007570,0.032493
758.000000,0.007580,0.032447
759.000000,0.007590,0.032399
760.000000,0.007600,0.032400
761.000000,0.007610,0.032305
762.000000,0.007620,0.032447
763.000000,0.007630,0.032492
764.000000,0.007640,0.032446
765.000000,0.007650,0.032353
766.000000,0.007660,0.032449
767.000000,0.007670,0.032353
768.000000,0.007680,0.032449
769.000000,0.007690,0.032259
770.000000,0.007700,0.032540
771.000000,0.007710,0.032351
772.000000,0.007720,0.032637
773.000000,0.007730,0.032402
774.000000,0.007740,0.032633
775.000000,0.007750,0.032352
776.000000,0.007760,0.032770
777.000000,0.007770,0.032213
778.000000,0.007780,0.032774
779.000000,0.007790,0.032256
780.000000,0.007800,0.032822
781.000000,0.007810,0.032306
782.000000,0.007820,0.032774
783.000000,0.007830,0.032259
784.000000,0.007840,0.032726
785.000000,0.007850,0.032213
786.000000,0.007860,0.032728
787.000000,0.007870,0.032164
788.000000,0.007880,0.032822
789.000000,0.007890,0.032260
790.000000,0.007900,0.032634
791.000000,0.007910,0.032166
792.000000,0.007920,0.032493
793.000000,0.007930,0.032352
794.000000,0.007940,0.032305
795.000000,0.007950,0.032304
796.000000,0.007960,0.032448
797.000000,0.007970,0.032352
798.000000,0.007980,0.032353
799.000000,0.007990,0.032165
800.000000,0.008000,0.032353
801.000000,0.008010,0.032400
802.000000,0.008020,0.032261
803.000000,0.008030,0.032304
804.000000,0.008040,0.032307
805.000000,0.008050,0.032539
806.000000,0.008060,0.032165
807.000000,0.008070,0.032489
808.000000,0.008080,0.032213
809.000000,0.008090,0.032587
810.000000,0.008100,0.032259
811.000000,0.008110,0.032538
812.000000,0.008120,0.032072
813.000000,0.008130,0.032635
814.000000,0.008140,0.032262
815.000000,0.008150,0.032539
816.000000,0.008160,0.032165
817.000000,0.008170,0.032493
818.000000,0.008180,0.032352
819.000000,0.008190,0.032586
820.000000,0.008200,0.032167
821.000000,0.008210,0.032728
822.000000,0.008220,0.032349
823.000000,0.008230,0.032726
824.000000,0.008240,0.032259
825.000000,0.008250,0.032771
826.000000,0.008260,0.032212
827.000000,0.008270,0.032772
828.000000,0.008280,0.032353
829.000000,0.008290,0.032821
830.000000,0.008300,0.032305
831.000000,0.008310,0.032915
832.000000,0.008320,0.032355
833.000000,0.008330,0.032774
834.000000,0.008340,0.032214
835.000000,0.008350,0.032915
836.000000,0.008360,0.032306
837.000000,0.008370,0.032820
838.000000,0.008380,0.032304
839.000000,0.008390,0.033005
840.000000,0.008400,0.032303
841.000000,0.008410,0.032821
842.000000,0.008420,0.032258
843.000000,0.008430,0.032823
844.000000,0.008440,0.032306
845.000000,0.008450,0.032819
846.000000,0.008460,0.032309
847.000000,0.008470,0.032728
848.000000,0.008480,0.032401
849.000000,0.008490,0.032681
850.000000,0.008500,0.032353
851.000000,0.008510,0.032589
852.000000,0.008520,0.032402
853.000000,0.008530,0.032352
854.000000,0.008540,0.032308
855.000000,0.008550,0.032403
856.000000,0.008560,0.032444
857.000000,0.008570,0.032400
858.000000,0.008580,0.032307
859.000000,0.008590,0.032307
860.000000,0.008600,0.032493
861.000000,0.008610,0.032305
862.000000,0.008620,0.032448
863.000000,0.008630,0.032257
864.000000,0.008640,0.032636
865.000000,0.008650,0.032309
866.000000,0.008660,0.032634
867.000000,0.008670,0.032117
868.000000,0.008680,0.032728
869.000000,0.008690,0.032259
870.000000,0.008700,0.032724
871.000000,0.008710,0.032213
872.000000,0.008720,0.032726
873.000000,0.008730,0.032356
874.000000,0.008740,0.032821
875.000000,0.008750,0.032022
876.000000,0.008760,0.032726
877.000000,0.008770,0.032307
878.000000,0.008780,0.032773
879.000000,0.008790,0.032260
880.000000,0.008800,0.032680
881.000000,0.008810,0.032306
882.000000,0.008820,0.032633
883.000000,0.008830,0.032168
884.000000,0.008840,0.032631
885.000000,0.008850,0.032212
886.000000,0.008860,0.032634
887.000000,0.008870,0.032259
888.000000,0.008880,0.032444
889.000000,0.008890,0.032261
890.000000,0.008900,0.032493
891.000000,0.008910,0.032305
892.000000,0.008920,0.032259
893.000000,0.008930,0.032400
894.000000,0.008940,0.032398
895.000000,0.008950,0.032119
896.000000,0.008960,0.032309
897.000000,0.008970,0.032166
898.000000,0.008980,0.032448
899.000000,0.008990,0.032260
900.000000,0.009000,0.032354
901.000000,0.009010,0.032308
902.000000,0.009020,0.032450
903.000000,0.009030,0.032355
904.000000,0.009040,0.032261
905.000000,0.009050,0.032352
906.000000,0.009060,0.032350
907.000000,0.009070,0.032496
908.000000,0.009080,0.032307
909.000000,0.009090,0.032305
910.000000,0.009100,0.032257
911.000000,0.009110,0.032492
912.000000,0.009120,0.032353
913.000000,0.009130,0.032636
914.000000,0.009140,0.032355
915.000000,0.009150,0.032539
916.000000,0.009160,0.032354
917.000000,0.009170,0.032398
918.000000,0.009180,0.032350
919.000000,0.009190,0.032633
920.000000,0.009200,0.032303
921.000000,0.009210,0.032773
922.000000,0.009220,0.032212
923.000000,0.009230,0.032867
924.000000,0.009240,0.032400
925.000000,0.009250,0.032867
926.000000,0.009260,0.032260
927.000000,0.009270,0.032773
928.000000,0.009280,0.032400
929.000000,0.009290,0.032634
930.000000,0.009300,0.032354
931.000000,0.009310,0.032682
932.000000,0.009320,0.032400
933.000000,0.009330,0.032772
934.000000,0.009340,0.032259
935.000000,0.009350,0.032685
936.000000,0.009360,0.032351
937.000000,0.009370,0.032632
938.000000,0.009380,0.032257
939.000000,0.009390,0.032589
940.000000,0.009400,0.032444
941.000000,0.009410,0.032543
942.000000,0.009420,0.032356
943.000000,0.009430,0.032354
944.000000,0.009440,0.032401
945.000000,0.009450,0.032401
946.000000,0.009460,0.032446
947.000000,0.009470,0.032354
948.000000,0.009480,0.032537
949.000000,0.009490,0.032399
950.000000,0.009500,0.032449
951.000000,0.009510,0.032117
952.000000,0.009520,0.032588
953.000000,0.009530,0.032350
954.000000,0.009540,0.032633
955.000000,0.009550,0.032259
956.000000,0.009560,0.032681
957.000000,0.009570,0.032307
958.000000,0.009580,0.032491
959.000000,0.009590,0.032168
960.000000,0.009600,0.032584
961.000000,0.009610,0.032306
962.000000,0.009620,0.032634
963.000000,0.009630,0.032260
964.000000,0.009640,0.032635
965.000000,0.009650,0.032118
966.000000,0.009660,0.032773
967.000000,0.009670,0.032214
968.000000,0.009680,0.032634
969.000000,0.009690,0.032261
970.000000,0.009700,0.032773
971.000000,0.009710,0.032258
972.000000,0.009720,0.032631
973.000000,0.009730,0.032214
974.000000,0.009740,0.032823
975.000000,0.009750,0.032165
976.000000,0.009760,0.032775
977.000000,0.009770,0.032213
978.000000,0.009780,0.032726
979.000000,0.009790,0.032260
980.000000,0.009800,0.032772
981.000000,0.009810,0.032212
982.000000,0.009820,0.032820
983.000000,0.009830,0.032307
984.000000,0.009840,0.032775
985.000000,0.009850,0.032308
986.000000,0.009860,0.032684
987.000000,0.009870,0.032258
988.000000,0.009880,0.032683
989.000000,0.009890,0.032306
990.000000,0.009900,0.032632
991.000000,0.009910,0.032306
992.000000,0.009920,0.032402
993.000000,0.009930,0.032164
994.000000,0.009940,0.032446
995.000000,0.009950,0.032399
996.000000,0.009960,0.032492
997.000000,0.009970,0.032450
998.000000,0.009980,0.032306
999.000000,0.009990,0.032447
1000.000000,0.010000,0.032257
1001.000000,0.010010,0.032495
1002.000000,0.010020,0.032256
1003.000000,0.010030,0.032585
1004.000000,0.010040,0.032399
1005.000000,0.010050,0.032727
1006.000000,0.010060,0.032208
1007.000000,0.010070,0.032728
1008.000000,0.010080,0.032399
1009.000000,0.010090,0.032869
1010.000000,0.010100,0.032306
1011.000000,0.010110,0.032772
1012.000000,0.010120,0.032352
1013.000000,0.010130,0.032866
1014.000000,0.010140,0.032400
1015.000000,0.010150,0.032771
1016.000000,0.010160,0.032400
1017.000000,0.010170,0.032867
1018.000000,0.010180,0.032305
1019.000000,0.010190,0.032819
1020.000000,0.010200,0.032165
1021.000000,0.010210,0.032911
1022.000000,0.010220,0.032304
1023.000000,0.010230,0.032725
1024.000000,0.010240,0.032400
1025.000000,0.010250,0.032821
1026.000000,0.010260,0.032352
1027.000000,0.010270,0.032633
1028.000000,0.010280,0.032258
1029.000000,0.010290,0.032870
1030.000000,0.010300,0.032305
1031.000000,0.010310,0.032774
1032.000000,0.010320,0.032303
1033.000000,0.010330,0.032635
1034.000000,0.010340,0.032305
1035.000000,0.010350,0.032444
1036.000000,0.010360,0.032304
1037.000000,0.010370,0.032443
1038.000000,0.010380,0.032401
1039.000000,0.010390,0.032399
1040.000000,0.010400,0.032303
1041.000000,0.010410,0.032259
1042.000000,0.010420,0.032305
1043.000000,0.010430,0.032353
1044.000000,0.010440,0.032353
1045.000000,0.010450,0.032258
1046.000000,0.010460,0.032448
1047.000000,0.010470,0.032258
1048.000000,0.010480,0.032356
1049.000000,0.010490,0.032166
1050.000000,0.010500,0.032586
1051.000000,0.010510,0.032356
1052.000000,0.010520,0.032493
1053.000000,0.010530,0.032213
1054.000000,0.010540,0.032542
1055.000000,0.010550,0.032257
1056.000000,0.010560,0.032541
1057.000000,0.010570,0.032023
1058.000000,0.010580,0.032164
1059.000000,0.010590,0.032401
1060.000000,0.010600,0.032585
1061.000000,0.010610,0.032587
1062.000000,0.010620,0.032632
1063.000000,0.010630,0.032543
1064.000000,0.010640,0.032306
1065.000000,0.010650,0.032025
1066.000000,0.010660,0.032118
1067.000000,0.010670,0.032399
1068.000000,0.010680,0.032635
1069.000000,0.010690,0.032727
1070.000000,0.010700,0.032775
1071.000000,0.010710,0.032677
1072.000000,0.010720,0.032400
1073.000000,0.010730,0.032213
1074.000000,0.010740,0.032120
1075.000000,0.010750,0.032210
1076.000000,0.010760,0.032539
1077.000000,0.010770,0.032775
1078.000000,0.010780,0.032776
1079.000000,0.010790,0.032680
1080.000000,0.010800,0.032446
1081.000000,0.010810,0.032164
1082.000000,0.010820,0.032212
1083.000000,0.010830,0.032305
1084.000000,0.010840,0.032725
1085.000000,0.010850,0.032773
1086.000000,0.010860,0.032772
1087.000000,0.010870,0.032634
1088.000000,0.010880,0.032400
1089.000000,0.010890,0.032303
1090.000000,0.010900,0.032210
1091.000000,0.010910,0.032448
1092.000000,0.010920,0.032678
1093.000000,0.010930,0.032728
1094.000000,0.010940,0.032821
1095.000000,0.010950,0.032492
1096.000000,0.010960,0.032352
1097.000000,0.010970,0.032257
1098.000000,0.010980,0.032167
1099.000000,0.010990,0.032444
1100.000000,0.011000,0.032584
1101.000000,0.011010,0.032777
1102.000000,0.011020,0.032771
1103.000000,0.011030,0.032400
1104.000000,0.011040,0.032209
1105.000000,0.011050,0.032117
1106.000000,0.011060,0.032307
1107.000000,0.011070,0.032493
1108.000000,0.011080,0.032634
1109.000000,0.011090,0.032818
1110.000000,0.011100,0.032772
1111.000000,0.011110,0.032540
1112.000000,0.011120,0.032308
1113.000000,0.011130,0.032209
1114.000000,0.011140,0.032212
1115.000000,0.011150,0.032350
1116.000000,0.011160,0.032540
1117.000000,0.011170,0.032637
1118.000000,0.011180,0.032776
1119.000000,0.011190,0.032730
1120.000000,0.011200,0.032446
1121.000000,0.011210,0.032212
1122.000000,0.011220,0.032166
1123.000000,0.011230,0.032305
1124.000000,0.011240,0.032449
1125.000000,0.011250,0.032491
1126.000000,0.011260,0.032775
1127.000000,0.011270,0.032585
1128.000000,0.011280,0.032352
1129.000000,0.011290,0.032120
1130.000000,0.011300,0.032167
1131.000000,0.011310,0.032305
1132.000000,0.011320,0.032491
1133.000000,0.011330,0.032585
1134.000000,0.011340,0.032677
1135.000000,0.011350,0.032542
1136.000000,0.011360,0.032216
1137.000000,0.011370,0.032027
1138.000000,0.011380,0.032212
1139.000000,0.011390,0.032543
1140.000000,0.011400,0.032632
1141.000000,0.011410,0.032634
1142.000000,0.011420,0.032586
1143.000000,0.011430,0.032447
1144.000000,0.011440,0.032261
1145.000000,0.011450,0.031974
1146.000000,0.011460,0.032118
1147.000000,0.011470,0.032494
1148.000000,0.011480,0.032539
1149.000000,0.011490,0.032728
1150.000000,0.011500,0.032399
1151.000000,0.011510,0.032259
1152.000000,0.011520,0.032167
1153.000000,0.011530,0.032117
1154.000000,0.011540,0.032397
1155.000000,0.011550,0.032586
1156.000000,0.011560,0.032867
1157.000000,0.011570,0.032728
1158.000000,0.011580,0.032212
1159.000000,0.011590,0.032118
1160.000000,0.011600,0.032115
1161.000000,0.011610,0.032352
1162.000000,0.011620,0.032540
1163.000000,0.011630,0.032730
1164.000000,0.011640,0.032869
1165.000000,0.011650,0.032632
1166.000000,0.011660,0.032119
1167.000000,0.011670,0.032073
1168.000000,0.011680,0.032212
1169.000000,0.011690,0.032637
1170.000000,0.011700,0.032678
1171.000000,0.011710,0.032777
1172.000000,0.011720,0.032634
1173.000000,0.011730,0.032449
1174.000000,0.011740,0.032209
1175.000000,0.011750,0.032118
1176.000000,0.011760,0.032490
1177.000000,0.011770,0.032681
1178.000000,0.011780,0.032818
1179.000000,0.011790,0.032682
1180.000000,0.011800,0.032351
1181.000000,0.011810,0.032213
1182.000000,0.011820,0.032166
1183.000000,0.011830,0.032350
1184.000000,0.011840,0.032542
1185.000000,0.011850,0.032724
1186.000000,0.011860,0.032726
1187.000000,0.011870,0.032635
1188.000000,0.011880,0.032402
1189.000000,0.011890,0.032118
1190.000000,0.011900,0.032165
1191.000000,0.011910,0.032261
1192.000000,0.011920,0.032447
1193.000000,0.011930,0.032631
1194.000000,0.011940,0.032820
1195.000000,0.011950,0.032727
1196.000000,0.011960,0.032495
1197.000000,0.011970,0.032306
1198.000000,0.011980,0.032213
1199.000000,0.011990,0.032164
1200.000000,0.012000,0.032214
1201.000000,0.012010,0.032447
1202.000000,0.012020,0.032727
1203.000000,0.012030,0.032820
1204.000000,0.012040,0.032542
1205.000000,0.012050,0.032210
1206.000000,0.012060,0.032116
1207.000000,0.012070,0.032355
1208.000000,0.012080,0.032399
1209.000000,0.012090,0.032586
1210.000000,0.012100,0.032677
1211.000000,0.012110,0.032586
1212.000000,0.012120,0.032402
1213.000000,0.012130,0.032212
1214.000000,0.012140,0.032026
1215.000000,0.012150,0.032118
1216.000000,0.012160,0.032353
1217.000000,0.012170,0.032586
1218.000000,0.012180,0.032635
1219.000000,0.012190,0.032682
1220.000000,0.012200,0.032306
1221.000000,0.012210,0.032116
1222.000000,0.012220,0.032025
1223.000000,0.012230,0.032402
1224.000000,0.012240,0.032680
1225.000000,0.012250,0.032633
1226.000000,0.012260,0.032495
1227.000000,0.012270,0.032215
1228.000000,0.012280,0.031975
1229.000000,0.012290,0.032210
1230.000000,0.012300,0.032401
1231.000000,0.012310,0.032636
1232.000000,0.012320,0.032677
1233.000000,0.012330,0.032683
1234.000000,0.012340,0.032444
1235.000000,0.012350,0.032215
1236.000000,0.012360,0.032213
1237.000000,0.012370,0.032163
1238.000000,0.012380,0.032353
1239.000000,0.012390,0.032538
1240.000000,0.012400,0.032725
1241.000000,0.012410,0.032727
1242.000000,0.012420,0.032444
1243.000000,0.012430,0.032353
1244.000000,0.012440,0.032166
1245.000000,0.012450,0.032120
1246.000000,0.012460,0.032400
1247.000000,0.012470,0.032541
1248.000000,0.012480,0.032728
1249.000000,0.012490,0.032681
1250.000000,0.012500,0.032447
1251.000000,0.012510,0.032212
1252.000000,0.012520,0.032071
1253.000000,0.012530,0.032443
1254.000000,0.012540,0.032588
1255.000000,0.012550,0.032774
1256.000000,0.012560,0.032727
1257.000000,0.012570,0.032724
1258.000000,0.012580,0.032540
1259.000000,0.012590,0.032165
1260.000000,0.012600,0.032071
1261.000000,0.012610,0.032446
1262.000000,0.012620,0.032633
1263.000000,0.012630,0.032915
1264.000000,0.012640,0.032773
1265.000000,0.012650,0.032537
1266.000000,0.012660,0.032354
1267.000000,0.012670,0.032166
1268.000000,0.012680,0.032166
1269.000000,0.012690,0.032213
1270.000000,0.012700,0.032588
1271.000000,0.012710,0.032818
1272.000000,0.012720,0.032683
1273.000000,0.012730,0.032585
1274.000000,0.012740,0.032401
1275.000000,0.012750,0.032259
1276.000000,0.012760,0.032117
1277.000000,0.012770,0.032444
1278.000000,0.012780,0.032588
1279.000000,0.012790,0.032774
1280.000000,0.012800,0.032774
1281.000000,0.012810,0.032447
1282.000000,0.012820,0.032209
1283.000000,0.012830,0.032028
1284.000000,0.012840,0.032257
1285.000000,0.012850,0.032541
1286.000000,0.012860,0.032631
1287.000000,0.012870,0.032820
1288.000000,0.012880,0.032683
1289.000000,0.012890,0.032352
1290.000000,0.012900,0.032168
1291.000000,0.012910,0.032024
1292.000000,0.012920,0.032353
1293.000000,0.012930,0.032537
1294.000000,0.012940,0.032584
1295.000000,0.012950,0.032726
1296.000000,0.012960,0.032682
1297.000000,0.012970,0.032354
1298.000000,0.012980,0.032122
1299.000000,0.012990,0.032070
1300.000000,0.013000,0.032259
1301.000000,0.013010,0.032537
1302.000000,0.013020,0.032677
1303.000000,0.013030,0.032632
1304.000000,0.013040,0.032489
1305.000000,0.013050,0.032117
1306.000000,0.013060,0.031929
1307.000000,0.013070,0.032166
1308.000000,0.013080,0.032495
1309.000000,0.013090,0.032680
1310.000000,0.013100,0.032632
1311.000000,0.013110,0.032354
1312.000000,0.013120,0.032214
1313.000000,0.013130,0.032119
1314.000000,0.013140,0.032212
1315.000000,0.013150,0.032493
1316.000000,0.013160,0.032677
1317.000000,0.013170,0.032777
1318.000000,0.013180,0.032636
1319.000000,0.013190,0.032259
1320.000000,0.013200,0.032116
1321.000000,0.013210,0.032165
1322.000000,0.013220,0.032355
1323.000000,0.013230,0.032588
1324.000000,0.013240,0.032678
1325.000000,0.013250,0.032634
1326.000000,0.013260,0.032494
1327.000000,0.013270,0.032168
1328.000000,0.013280,0.032168
1329.000000,0.013290,0.032307
1330.000000,0.013300,0.032588
1331.000000,0.013310,0.032772
1332.000000,0.013320,0.032684
1333.000000,0.013330,0.032586
1334.000000,0.013340,0.032444
1335.000000,0.013350,0.032258
1336.000000,0.013360,0.032210
1337.000000,0.013370,0.032352
1338.000000,0.013380,0.032727
1339.000000,0.013390,0.032725
1340.000000,0.013400,0.032776
1341.000000,0.013410,0.032448
1342.000000,0.013420,0.032305
1343.000000,0.013430,0.032210
1344.000000,0.013440,0.032166
1345.000000,0.013450,0.032397
1346.000000,0.013460,0.032636
1347.000000,0.013470,0.032728
1348.000000,0.013480,0.032822
1349.000000,0.013490,0.032590
1350.000000,0.013500,0.032354
1351.000000,0.013510,0.032258
1352.000000,0.013520,0.032169
1353.000000,0.013530,0.032307
1354.000000,0.013540,0.032728
1355.000000,0.013550,0.032821
1356.000000,0.013560,0.032730
1357.000000,0.013570,0.032351
1358.000000,0.013580,0.032072
1359.000000,0.013590,0.032308
1360.000000,0.013600,0.032492
1361.000000,0.013610,0.032636
1362.000000,0.013620,0.032723
1363.000000,0.013630,0.032682
1364.000000,0.013640,0.032401
1365.000000,0.013650,0.032166
1366.000000,0.013660,0.031881
1367.000000,0.013670,0.032354
1368.000000,0.013680,0.032680
1369.000000,0.013690,0.032678
1370.000000,0.013700,0.032683
1371.000000,0.013710,0.032447
1372.000000,0.013720,0.032214
1373.000000,0.013730,0.032116
1374.000000,0.013740,0.032165
1375.000000,0.013750,0.032588
1376.000000,0.013760,0.032776
1377.000000,0.013770,0.032728
1378.000000,0.013780,0.032398
1379.000000,0.013790,0.032216
1380.000000,0.013800,0.032069
1381.000000,0.013810,0.032356
1382.000000,0.013820,0.032444
1383.000000,0.013830,0.032540
1384.000000,0.013840,0.032725
1385.000000,0.013850,0.032587
1386.000000,0.013860,0.032258
1387.000000,0.013870,0.031979
1388.000000,0.013880,0.032256
1389.000000,0.013890,0.032538
1390.000000,0.013900,0.032634
1391.000000,0.013910,0.032680
1392.000000,0.013920,0.032590
1393.000000,0.013930,0.032307
1394.000000,0.013940,0.031976
1395.000000,0.013950,0.032071
1396.000000,0.013960,0.032309
1397.000000,0.013970,0.032542
1398.000000,0.013980,0.032726
1399.000000,0.013990,0.032589
1400.000000,0.014000,0.032446
1401.000000,0.014010,0.032258
1402.000000,0.014020,0.032167
1403.000000,0.014030,0.032166
1404.000000,0.014040,0.032495
1405.000000,0.014050,0.032729
1406.000000,0.014060,0.032725
1407.000000,0.014070,0.032682
1408.000000,0.014080,0.032212
1409.000000,0.014090,0.032119
1410.000000,0.014100,0.032212
1411.000000,0.014110,0.032354
1412.000000,0.014120,0.032584
1413.000000,0.014130,0.032725
1414.000000,0.014140,0.032822
1415.000000,0.014150,0.032585
1416.000000,0.014160,0.032166
1417.000000,0.014170,0.032167
1418.000000,0.014180,0.032257
1419.000000,0.014190,0.032492
1420.000000,0.014200,0.032727
1421.000000,0.014210,0.032681
1422.000000,0.014220,0.032632
1423.000000,0.014230,0.032353
1424.000000,0.014240,0.032212
1425.000000,0.014250,0.032400
1426.000000,0.014260,0.032683
1427.000000,0.014270,0.032820
1428.000000,0.014280,0.032724
1429.000000,0.014290,0.032401
1430.000000,0.014300,0.032165
1431.000000,0.014310,0.032212
1432.000000,0.014320,0.032539
1433.000000,0.014330,0.032590
1434.000000,0.014340,0.032823
1435.000000,0.014350,0.032728
1436.000000,0.014360,0.032492
1437.000000,0.014370,0.032262
1438.000000,0.014380,0.032073
1439.000000,0.014390,0.032351
1440.000000,0.014400,0.032636
1441.000000,0.014410,0.032723
1442.000000,0.014420,0.032676
1443.000000,0.014430,0.032683
1444.000000,0.014440,0.032400
1445.000000,0.014450,0.032121
1446.000000,0.014460,0.032165
1447.000000,0.014470,0.032492
1448.000000,0.014480,0.032725
1449.000000,0.014490,0.032683
1450.000000,0.014500,0.032586
1451.000000,0.014510,0.032402
1452.000000,0.014520,0.032260
1453.000000,0.014530,0.032213
1454.000000,0.014540,0.032306
1455.000000,0.014550,0.032588
1456.000000,0.014560,0.032680
1457.000000,0.014570,0.032636
1458.000000,0.014580,0.032490
1459.000000,0.014590,0.032167
1460.000000,0.014600,0.032116
1461.000000,0.014610,0.032213
1462.000000,0.014620,0.032400
1463.000000,0.014630,0.032633
1464.000000,0.014640,0.032633
1465.000000,0.014650,0.032584
1466.000000,0.014660,0.032353
1467.000000,0.014670,0.032026
1468.000000,0.014680,0.032307
1469.000000,0.014690,0.032540
1470.000000,0.014700,0.032727
1471.000000,0.014710,0.032680
1472.000000,0.014720,0.032492
1473.000000,0.014730,0.032259
1474.000000,0.014740,0.032072
1475.000000,0.014750,0.032166
1476.000000,0.014760,0.032258
1477.000000,0.014770,0.032490
1478.000000,0.014780,0.032729
1479.000000,0.014790,0.032538
1480.000000,0.014800,0.032257
1481.000000,0.014810,0.032074
1482.000000,0.014820,0.032117
1483.000000,0.014830,0.032307
1484.000000,0.014840,0.032491
1485.000000,0.014850,0.032677
1486.000000,0.014860,0.032728
1487.000000,0.014870,0.032586
1488.000000,0.014880,0.032212
1489.000000,0.014890,0.032073
1490.000000,0.014900,0.032309
1491.000000,0.014910,0.032354
1492.000000,0.014920,0.032634
1493.000000,0.014930,0.032681
1494.000000,0.014940,0.032634
1495.000000,0.014950,0.032449
1496.000000,0.014960,0.032119
1497.000000,0.014970,0.032166
1498.000000,0.014980,0.032542
1499.000000,0.014990,0.032633
1500.000000,0.015000,0.032869
1501.000000,0.015010,0.032727
1502.000000,0.015020,0.032447
1503.000000,0.015030,0.032259
1504.000000,0.015040,0.032167
1505.000000,0.015050,0.032305
1506.000000,0.015060,0.032543
1507.000000,0.015070,0.032726
1508.000000,0.015080,0.032819
1509.000000,0.015090,0.032774
1510.000000,0.015100,0.032401
1511.000000,0.015110,0.032260
1512.000000,0.015120,0.032261
1513.000000,0.015130,0.032352
1514.000000,0.015140,0.032680
1515.000000,0.015150,0.032916
1516.000000,0.015160,0.032820
1517.000000,0.015170,0.032402
1518.000000,0.015180,0.032120
1519.000000,0.015190,0.032120
1520.000000,0.015200,0.032354
1521.000000,0.015210,0.032539
1522.000000,0.015220,0.032632
1523.000000,0.015230,0.032776
1524.000000,0.015240,0.032822
1525.000000,0.015250,0.032631
1526.000000,0.015260,0.032306
1527.000000,0.015270,0.032071
1528.000000,0.015280,0.032401
1529.000000,0.015290,0.032681
1530.000000,0.015300,0.032774
1531.000000,0.015310,0.032774
1532.000000,0.015320,0.032261
1533.000000,0.015330,0.032165
1534.000000,0.015340,0.032117
1535.000000,0.015350,0.032491
1536.000000,0.015360,0.032684
1537.000000,0.015370,0.032820
1538.000000,0.015380,0.032727
1539.000000,0.015390,0.032399
1540.000000,0.015400,0.032071
1541.000000,0.015410,0.032072
1542.000000,0.015420,0.032352
1543.000000,0.015430,0.032540
1544.000000,0.015440,0.032585
1545.000000,0.015450,0.032773
1546.000000,0.015460,0.032491
1547.000000,0.015470,0.032119
1548.000000,0.015480,0.032027
1549.000000,0.015490,0.032306
1550.000000,0.015500,0.032634
1551.000000,0.015510,0.032537
1552.000000,0.015520,0.032682
1553.000000,0.015530,0.032448
1554.000000,0.015540,0.032303
1555.000000,0.015550,0.032072
1556.000000,0.015560,0.032164
1557.000000,0.015570,0.032492
1558.000000,0.015580,0.032677
1559.000000,0.015590,0.032682
1560.000000,0.015600,0.032305
1561.000000,0.015610,0.032352
1562.000000,0.015620,0.032635
1563.000000,0.015630,0.032588
1564.000000,0.015640,0.032260
1565.000000,0.015650,0.032118
1566.000000,0.015660,0.032306
1567.000000,0.015670,0.032637
1568.000000,0.015680,0.032493
1569.000000,0.015690,0.032164
1570.000000,0.015700,0.032167
1571.000000,0.015710,0.032450
1572.000000,0.015720,0.032261
1573.000000,0.015730,0.032401
1574.000000,0.015740,0.032308
1575.000000,0.015750,0.032026
1576.000000,0.015760,0.032213
1577.000000,0.015770,0.031931
1578.000000,0.015780,0.032115
1579.000000,0.015790,0.032213
1580.000000,0.015800,0.032166
1581.000000,0.015810,0.032118
1582.000000,0.015820,0.031884
1583.000000,0.015830,0.032074
1584.000000,0.015840,0.032120
1585.000000,0.015850,0.032117
1586.000000,0.015860,0.031976
1587.000000,0.015870,0.032165
1588.000000,0.015880,0.032024
1589.000000,0.015890,0.032258
1590.000000,0.015900,0.031932
1591.000000,0.015910,0.032212
1592.000000,0.015920,0.032070
1593.000000,0.015930,0.032260
1594.000000,0.015940,0.031979
1595.000000,0.015950,0.032260
1596.000000,0.015960,0.032117
1597.000000,0.015970,0.032258
1598.000000,0.015980,0.032027
1599.000000,0.015990,0.032354
1600.000000,0.016000,0.032121
1601.000000,0.016010,0.032443
1602.000000,0.016020,0.031840
1603.000000,0.016030,0.032303
1604.000000,0.016040,0.032022
1605.000000,0.016050,0.032449
1606.000000,0.016060,0.031979
1607.000000,0.016070,0.032304
1608.000000,0.016080,0.032026
1609.000000,0.016090,0.032589
1610.000000,0.016100,0.032023
1611.000000,0.016110,0.032494
1612.000000,0.016120,0.031931
1613.000000,0.016130,0.032588
1614.000000,0.016140,0.032023
1615.000000,0.016150,0.032494
1616.000000,0.016160,0.031789
1617.000000,0.016170,0.032491
1618.000000,0.016180,0.032028
1619.000000,0.016190,0.032492
1620.000000,0.016200,0.031932
1621.000000,0.016210,0.032537
1622.000000,0.016220,0.032072
1623.000000,0.016230,0.032355
1624.000000,0.016240,0.031790
1625.000000,0.016250,0.032541
1626.000000,0.016260,0.032166
1627.000000,0.016270,0.032402
1628.000000,0.016280,0.031981
1629.000000,0.016290,0.032257
1630.000000,0.016300,0.032024
1631.000000,0.016310,0.032261
1632.000000,0.016320,0.031883
1633.000000,0.016330,0.032116
1634.000000,0.016340,0.031978
1635.000000,0.016350,0.032168
1636.000000,0.016360,0.031932
1637.000000,0.016370,0.032022
1638.000000,0.016380,0.031976
1639.000000,0.016390,0.031975
1640.000000,0.016400,0.032026
1641.000000,0.016410,0.031836
1642.000000,0.016420,0.032072
1643.000000,0.016430,0.031883
1644.000000,0.016440,0.032027
1645.000000,0.016450,0.031884
1646.000000,0.016460,0.032120
1647.000000,0.016470,0.032027
1648.000000,0.016480,0.032257
1649.000000,0.016490,0.031837
1650.000000,0.016500,0.032354
1651.000000,0.016510,0.032026
1652.000000,0.016520,0.032397
1653.000000,0.016530,0.031883
1654.000000,0.016540,0.032541
1655.000000,0.016550,0.031980
1656.000000,0.016560,0.032490
1657.000000,0.016570,0.031746
1658.000000,0.016580,0.032214
1659.000000,0.016590,0.031978
1660.000000,0.016600,0.032257
1661.000000,0.016610,0.031979
1662.000000,0.016620,0.032121
1663.000000,0.016630,0.032122
1664.000000,0.016640,0.032163
1665.000000,0.016650,0.031931
1666.000000,0.016660,0.032072
1667.000000,0.016670,0.032023
1668.000000,0.016680,0.032117
1669.000000,0.016690,0.032165
1670.000000,0.016700,0.031933
1671.000000,0.016710,0.032167
1672.000000,0.016720,0.032023
1673.000000,0.016730,0.032303
1674.000000,0.016740,0.031978
1675.000000,0.016750,0.032306
1676.000000,0.016760,0.032026
1677.000000,0.016770,0.032351
1678.000000,0.016780,0.031979
1679.000000,0.016790,0.032257
1680.000000,0.016800,0.032071
1681.000000,0.016810,0.032493
1682.000000,0.016820,0.032025
1683.000000,0.016830,0.032446
1684.000000,0.016840,0.031932
1685.000000,0.016850,0.032538
1686.000000,0.016860,0.031978
1687.000000,0.016870,0.032588
1688.000000,0.016880,0.031979
1689.000000,0.016890,0.032538
1690.000000,0.016900,0.032070
1691.000000,0.016910,0.032449
1692.000000,0.016920,0.031976
1693.000000,0.016930,0.032400
1694.000000,0.016940,0.032024
1695.000000,0.016950,0.032305
1696.000000,0.016960,0.031884
1697.000000,0.016970,0.032165
1698.000000,0.016980,0.032120
1699.000000,0.016990,0.032074
1700.000000,0.017000,0.031979
1701.000000,0.017010,0.032022
1702.000000,0.017020,0.032165
1703.000000,0.017030,0.031981
1704.000000,0.017040,0.032022
1705.000000,0.017050,0.031980
1706.000000,0.017060,0.032119
1707.000000,0.017070,0.031980
1708.000000,0.017080,0.031976
1709.000000,0.017090,0.031933
1710.000000,0.017100,0.032071
1711.000000,0.017110,0.031933
1712.000000,0.017120,0.032074
1713.000000,0.017130,0.031838
1714.000000,0.017140,0.032258
1715.000000,0.017150,0.031978
1716.000000,0.017160,0.032305
1717.000000,0.017170,0.031931
1718.000000,0.017180,0.032399
1719.000000,0.017190,0.031931
1720.000000,0.017200,0.032401
1721.000000,0.017210,0.031885
1722.000000,0.017220,0.032304
1723.000000,0.017230,0.031885
1724.000000,0.017240,0.032308
1725.000000,0.017250,0.031837
1726.000000,0.017260,0.032353
1727.000000,0.017270,0.031931
1728.000000,0.017280,0.032167
1729.000000,0.017290,0.031932
1730.000000,0.017300,0.032120
1731.000000,0.017310,0.031979
1732.000000,0.017320,0.032213
1733.000000,0.017330,0.032025
1734.000000,0.017340,0.031978
1735.000000,0.017350,0.031978
1736.000000,0.017360,0.032116
1737.000000,0.017370,0.031975
1738.000000,0.017380,0.031929
1739.000000,0.017390,0.032024
1740.000000,0.017400,0.032073
1741.000000,0.017410,0.032069
1742.000000,0.017420,0.031885
1743.000000,0.017430,0.032214
1744.000000,0.017440,0.032024
1745.000000,0.017450,0.032354
1746.000000,0.017460,0.031931
1747.000000,0.017470,0.032353
1748.000000,0.017480,0.032072
1749.000000,0.017490,0.032495
1750.000000,0.017500,0.031980
1751.000000,0.017510,0.032446
1752.000000,0.017520,0.031976
1753.000000,0.017530,0.032540
1754.000000,0.017540,0.031930
1755.000000,0.017550,0.032398
1756.000000,0.017560,0.031931
1757.000000,0.017570,0.032446
1758.000000,0.017580,0.032024
1759.000000,0.017590,0.032305
1760.000000,0.017600,0.032024
1761.000000,0.017610,0.032399
1762.000000,0.017620,0.031979
1763.000000,0.017630,0.032351
1764.000000,0.017640,0.032022
1765.000000,0.017650,0.032306
1766.000000,0.017660,0.032025
1767.000000,0.017670,0.032023
1768.000000,0.017680,0.031980
1769.000000,0.017690,0.032164
1770.000000,0.017700,0.032117
1771.000000,0.017710,0.032070
1772.000000,0.017720,0.032119
1773.000000,0.017730,0.031975
1774.000000,0.017740,0.032071
1775.000000,0.017750,0.031932
1776.000000,0.017760,0.032121
1777.000000,0.017770,0.032070
1778.000000,0.017780,0.032166
1779.000000,0.017790,0.031976
1780.000000,0.017800,0.032119
1781.000000,0.017810,0.031980
1782.000000,0.017820,0.032259
1783.000000,0.017830,0.031978
1784.000000,0.017840,0.032165
1785.000000,0.017850,0.031931
1786.000000,0.017860,0.032303
1787.000000,0.017870,0.032027
1788.000000,0.017880,0.032119
1789.000000,0.017890,0.031791
1790.000000,0.017900,0.032258
1791.000000,0.017910,0.032026
1792.000000,0.017920,0.032354
1793.000000,0.017930,0.031835
1794.000000,0.017940,0.032400
1795.000000,0.017950,0.031929
1796.000000,0.017960,0.032447
1797.000000,0.017970,0.031934
1798.000000,0.017980,0.032449
1799.000000,0.017990,0.031976
1800.000000,0.018000,0.032444
1801.000000,0.018010,0.031931
1802.000000,0.018020,0.032216
1803.000000,0.018030,0.031838
1804.000000,0.018040,0.032402
1805.000000,0.018050,0.031886
1806.000000,0.018060,0.032210
1807.000000,0.018070,0.031932
1808.000000,0.018080,0.032259
1809.000000,0.018090,0.031929
1810.000000,0.018100,0.031930
1811.000000,0.018110,0.031932
1812.000000,0.018120,0.032119
1813.000000,0.018130,0.032025
1814.000000,0.018140,0.031885
1815.000000,0.018150,0.032120
1816.000000,0.018160,0.031976
1817.000000,0.018170,0.032165
1818.000000,0.018180,0.031931
1819.000000,0.018190,0.032117
1820.000000,0.018200,0.032026
1821.000000,0.018210,0.032212
1822.000000,0.018220,0.031884
1823.000000,0.018230,0.032122
1824.000000,0.018240,0.032027
1825.000000,0.018250,0.032213
1826.000000,0.018260,0.031976
1827.000000,0.018270,0.032305
1828.000000,0.018280,0.031932
1829.000000,0.018290,0.032448
1830.000000,0.018300,0.031980
1831.000000,0.018310,0.032258
1832.000000,0.018320,0.031934
1833.000000,0.018330,0.032446
1834.000000,0.018340,0.031931
1835.000000,0.018350,0.032353
1836.000000,0.018360,0.031980
1837.000000,0.018370,0.032588
1838.000000,0.018380,0.032026
1839.000000,0.018390,0.032448
1840.000000,0.018400,0.031979
1841.000000,0.018410,0.032587
1842.000000,0.018420,0.032070
1843.000000,0.018430,0.032541
1844.000000,0.018440,0.031841
1845.000000,0.018450,0.032446
1846.000000,0.018460,0.032027
1847.000000,0.018470,0.032448
1848.000000,0.018480,0.031980
1849.000000,0.018490,0.032350
1850.000000,0.018500,0.032166
1851.000000,0.018510,0.032258
1852.000000,0.018520,0.031931
1853.000000,0.018530,0.032025
1854.000000,0.018540,0.032167
1855.000000,0.018550,0.032116
1856.000000,0.018560,0.032119
1857.000000,0.018570,0.032028
1858.000000,0.018580,0.032212
1859.000000,0.018590,0.032024
1860.000000,0.018600,0.032164
1861.000000,0.018610,0.032026
1862.000000,0.018620,0.032117
1863.000000,0.018630,0.031976
1864.000000,0.018640,0.032260
1865.000000,0.018650,0.031931
1866.000000,0.018660,0.032400
1867.000000,0.018670,0.032073
1868.000000,0.018680,0.032399
1869.000000,0.018690,0.031887
1870.000000,0.018700,0.032303
1871.000000,0.018710,0.032027
1872.000000,0.018720,0.032400
1873.000000,0.018730,0.031887
1874.000000,0.018740,0.032305
1875.000000,0.018750,0.031931
1876.000000,0.018760,0.032539
1877.000000,0.018770,0.031885
1878.000000,0.018780,0.032356
1879.000000,0.018790,0.031931
1880.000000,0.018800,0.032258
1881.000000,0.018810,0.031931
1882.000000,0.018820,0.032165
1883.000000,0.018830,0.031976
1884.000000,0.018840,0.032215
1885.000000,0.018850,0.031981
1886.000000,0.018860,0.031837
1887.000000,0.018870,0.031930
1888.000000,0.018880,0.032023
1889.000000,0.018890,0.031976
1890.000000,0.018900,0.031976
1891.000000,0.018910,0.031978
1892.000000,0.018920,0.031980
1893.000000,0.018930,0.032024
1894.000000,0.018940,0.031885
1895.000000,0.018950,0.032024
1896.000000,0.018960,0.032026
1897.000000,0.018970,0.032074
1898.000000,0.018980,0.032073
1899.000000,0.018990,0.031979
1900.000000,0.019000,0.032021
1901.000000,0.019010,0.032120
1902.000000,0.019020,0.032023
1903.000000,0.019030,0.031979
1904.000000,0.019040,0.031978
1905.000000,0.019050,0.032213
1906.000000,0.019060,0.032025
1907.000000,0.019070,0.032212
1908.000000,0.019080,0.031932
1909.000000,0.019090,0.032257
1910.000000,0.019100,0.031978
1911.000000,0.019110,0.032165
1912.000000,0.019120,0.031884
1913.000000,0.019130,0.032355
1914.000000,0.019140,0.031883
1915.000000,0.019150,0.032305
1916.000000,0.019160,0.031932
1917.000000,0.019170,0.032443
1918.000000,0.019180,0.031978
1919.000000,0.019190,0.032448
1920.000000,0.019200,0.031934
1921.000000,0.019210,0.032540
1922.000000,0.019220,0.032073
1923.000000,0.019230,0.032443
1924.000000,0.019240,0.032115
1925.000000,0.019250,0.032303
1926.000000,0.019260,0.032117
1927.000000,0.019270,0.032260
1928.000000,0.019280,0.031882
1929.000000,0.019290,0.032214
1930.000000,0.019300,0.032027
1931.000000,0.019310,0.032209
1932.000000,0.019320,0.032022
1933.000000,0.019330,0.032071
1934.000000,0.019340,0.032168
1935.000000,0.019350,0.031932
1936.000000,0.019360,0.032213
1937.000000,0.019370,0.031931
1938.000000,0.019380,0.032259
1939.000000,0.019390,0.032120
1940.000000,0.019400,0.032398
1941.000000,0.019410,0.032023
1942.000000,0.019420,0.032351
1943.000000,0.019430,0.031980
1944.000000,0.019440,0.032542
1945.000000,0.019450,0.031930
1946.000000,0.019460,0.032446
1947.000000,0.019470,0.032026
1948.000000,0.019480,0.032540
1949.000000,0.019490,0.031838
1950.000000,0.019500,0.032401
1951.000000,0.019510,0.031930
1952.000000,0.019520,0.032444
1953.000000,0.019530,0.032022
1954.000000,0.019540,0.032355
1955.000000,0.019550,0.031883
1956.000000,0.019560,0.032399
1957.000000,0.019570,0.031931
1958.000000,0.019580,0.032448
1959.000000,0.019590,0.031836
1960.000000,0.019600,0.032493
1961.000000,0.019610,0.032024
1962.000000,0.019620,0.032214
1963.000000,0.019630,0.031884
1964.000000,0.019640,0.032167
1965.000000,0.019650,0.032027
1966.000000,0.019660,0.032167
1967.000000,0.019670,0.031884
1968.000000,0.019680,0.032164
1969.000000,0.019690,0.031747
1970.000000,0.019700,0.031980
1971.000000,0.019710,0.031981
1972.000000,0.019720,0.031978
1973.000000,0.019730,0.032122
1974.000000,0.019740,0.031934
1975.000000,0.019750,0.032024
1976.000000,0.019760,0.031882
1977.000000,0.019770,0.032071
1978.000000,0.019780,0.031882
1979.000000,0.019790,0.032116
1980.000000,0.019800,0.031881
1981.000000,0.019810,0.032262
1982.000000,0.019820,0.031932
1983.000000,0.019830,0.032118
1984.000000,0.019840,0.031932
1985.000000,0.019850,0.032307
1986.000000,0.019860,0.032025
1987.000000,0.019870,0.032352
1988.000000,0.019880,0.031930
1989.000000,0.019890,0.032588
1990.000000,0.019900,0.031933
1991.000000,0.019910,0.032446
1992.000000,0.019920,0.031979
1993.000000,0.019930,0.032448
1994.000000,0.019940,0.031976
1995.000000,0.019950,0.032402
1996.000000,0.019960,0.032024
1997.000000,0.019970,0.032116
1998.000000,0.019980,0.032027
1999.000000,0.019990,0.032258
2000.000000,0.020000,0.032026
2001.000000,0.020010,0.032212
2002.000000,0.020020,0.032025
2003.000000,0.020030,0.032167
2004.000000,0.020040,0.032117
2005.000000,0.020050,0.032024
2006.000000,0.020060,0.032214
2007.000000,0.020070,0.032022
2008.000000,0.020080,0.032165
2009.000000,0.020090,0.031978
2010.000000,0.020100,0.032213
2011.000000,0.020110,0.031978
2012.000000,0.020120,0.032163
2013.000000,0.020130,0.031980
2014.000000,0.020140,0.032213
2015.000000,0.020150,0.032074
2016.000000,0.020160,0.032449
2017.000000,0.020170,0.031982
2018.000000,0.020180,0.032164
2019.000000,0.020190,0.031980
2020.000000,0.020200,0.032399
2021.000000,0.020210,0.032026
2022.000000,0.020220,0.032399
2023.000000,0.020230,0.032074
2024.000000,0.020240,0.032494
2025.000000,0.020250,0.031931
2026.000000,0.020260,0.032397
2027.000000,0.020270,0.031976
2028.000000,0.020280,0.032492
2029.000000,0.020290,0.031930
2030.000000,0.020300,0.032353
2031.000000,0.020310,0.031933
2032.000000,0.020320,0.032398
2033.000000,0.020330,0.031979
2034.000000,0.020340,0.032353
2035.000000,0.020350,0.031932
2036.000000,0.020360,0.032399
2037.000000,0.020370,0.032027
2038.000000,0.020380,0.032396
2039.000000,0.020390,0.031793
2040.000000,0.020400,0.032448
2041.000000,0.020410,0.031931
2042.000000,0.020420,0.032444
2043.000000,0.020430,0.031790
2044.000000,0.020440,0.032494
2045.000000,0.020450,0.031979
2046.000000,0.020460,0.032354
2047.000000,0.020470,0.031839
2048.000000,0.020480,0.032490
2049.000000,0.020490,0.031982
2050.000000,0.020500,0.032490
2051.000000,0.020510,0.031885
2052.000000,0.020520,0.032214
2053.000000,0.020530,0.031838
2054.000000,0.020540,0.032448
2055.000000,0.020550,0.031837
2056.000000,0.020560,0.032307
2057.000000,0.020570,0.031981
2058.000000,0.020580,0.032212
2059.000000,0.020590,0.031978
